<?xml version="1.0"?>
<opencv_storage>
<CameraMatrix type_id="opencv-matrix">
  <rows>3</rows>
  <cols>3</cols>
  <dt>d</dt>
  <data>
    501.29958779014009 0. 330.68421961875788 0. 505.66026369671067
    217.90750115889676 0. 0. 1.</data></CameraMatrix>
<DistortionCoeffs type_id="opencv-matrix">
  <rows>1</rows>
  <cols>5</cols>
  <dt>d</dt>
  <data>
    -0.32498160871808579 0.092280036602541041 0.0015350764368096328
    -0.00056967600841104169 0.0064137938352337078</data></DistortionCoeffs>
<Rvec type_id="opencv-matrix">
  <rows>3</rows>
  <cols>1</cols>
  <dt>d</dt>
  <data>
    -0.60582677998075762 -1.6576049834679765 -1.9255538324391639</data></Rvec>
<Tvec type_id="opencv-matrix">
  <rows>3</rows>
  <cols>1</cols>
  <dt>d</dt>
  <data>
    0.48696889879733429 1.0136834699176174 3.9737789919225799</data></Tvec>
<RotationMatrix type_id="opencv-matrix">
  <rows>3</rows>
  <cols>3</cols>
  <dt>f</dt>
  <data>
    -0.762778878 0.646656156 -0.00205746945 -0.0982107371 -0.112700894
    0.988763452 0.63915807 0.754409969 0.149474442</data></RotationMatrix>
</opencv_storage>
